image: lab_carto.pgm
resolution: 0.050000
origin: [-3.653923, -2.058002, 0.000000]
negate: 0
occupied_thresh: 0.65
free_thresh: 0.196

