image: lab_carto_map.pgm
resolution: 0.050000
origin: [-3.889410, -2.240066, 0.000000]
negate: 0
occupied_thresh: 0.65
free_thresh: 0.196

